1 1 1 2017 0
2 1 1 2017 1
3 1 1 2017 1
4 1 1 2017 0
5 1 1 2017 1
1 2 1 2017 0
2 2 1 2017 1
3 2 1 2017 1
4 2 1 2017 0
5 2 1 2017 1
1 3 1 2017 0
2 3 1 2017 0
3 3 1 2017 1
4 3 1 2017 0
5 3 1 2017 1
1 1 2 2017 1
2 1 2 2017 0
3 1 2 2017 1
4 1 2 2017 1
5 1 2 2017 1
1 5 2 2017 1
2 4 2 2017 0
3 4 2 2017 0
4 4 2 2017 1
5 4 2 2017 1
1 7 2 2018 1
2 7 2 2018 0
3 7 2 2018 0
4 7 2 2018 1
5 7 2 2018 0
1 8 2 2018 1
2 8 2 2018 0
3 8 2 2018 0
4 8 2 2018 1
5 8 2 2018 1
1 9 2 2018 0
2 9 2 2018 1
3 9 2 2018 0
4 9 2 2018 1
5 9 2 2018 1
1 10 2 2018 1
2 10 2 2018 1
3 10 2 2018 1
4 10 2 2018 0
5 10 2 2018 0
2 6 1 2018 1 
